FILE=GSI_PCV.TXT VERSION=00006 LAST_UPDATE=25/03/14

ANTENNA ID        DESCRIPTION                  DATA SOURCE (# OF TESTS) YR/MO/DY
                                                             |AVE = # in average
 [north]  [ east]  [  up ]                                   | L1 Offset (mm)
 [90]  [85]  [80]  [75]  [70]  [65]  [60]  [55]  [50]  [45]  | L1 Phase at
 [40]  [35]  [30]  [25]  [20]  [15]  [10]  [ 5]  [ 0]        | Elevation (mm)
 [north]  [ east]  [  up ]                                   | L2 Offset (mm)
 [90]  [85]  [80]  [75]  [70]  [65]  [60]  [55]  [50]  [45]  | L2 Phase at
 [40]  [35]  [30]  [25]  [20]  [15]  [10]  [ 5]  [ 0]        | Elevation (mm)

TPSCR4          GSI GSI TOP Choke Ring                        IGS (  1) 05/07/01
       0.0       0.0     110.0
   0.0   0.0   0.0   0.0   0.0   0.0   0.0   0.0   0.0   0.0
   0.0   0.0   0.0   0.0   0.0   0.0   0.0   0.0   0.0
       0.0       0.0     128.0
   0.0   0.0   0.0   0.0   0.0   0.0   0.0   0.0   0.0   0.0
   0.0   0.0   0.0   0.0   0.0   0.0   0.0   0.0   0.0
TPSCR4          NONEGSI TOP Choke Ring                        IGS (  1) 05/07/01
       0.0       0.0     110.0
   0.0   0.0   0.0   0.0   0.0   0.0   0.0   0.0   0.0   0.0
   0.0   0.0   0.0   0.0   0.0   0.0   0.0   0.0   0.0
       0.0       0.0     128.0
   0.0   0.0   0.0   0.0   0.0   0.0   0.0   0.0   0.0   0.0
   0.0   0.0   0.0   0.0   0.0   0.0   0.0   0.0   0.0
TRM29659.00     GSI GSI TRM Choke Ring                        IGS (  1) 05/07/01
       0.0       0.0     110.0
   0.0   0.0   0.0   0.0   0.0   0.0   0.0   0.0   0.0   0.0
   0.0   0.0   0.0   0.0   0.0   0.0   0.0   0.0   0.0
       0.0       0.0     128.0
   0.0   0.0   0.0   0.0   0.0   0.0   0.0   0.0   0.0   0.0
   0.0   0.0   0.0   0.0   0.0   0.0   0.0   0.0   0.0
TRM29659.00     NONEGSI TRM Choke Ring                        IGS (  1) 05/07/01
       0.0       0.0     110.0
   0.0   0.0   0.0   0.0   0.0   0.0   0.0   0.0   0.0   0.0
   0.0   0.0   0.0   0.0   0.0   0.0   0.0   0.0   0.0
       0.0       0.0     128.0
   0.0   0.0   0.0   0.0   0.0   0.0   0.0   0.0   0.0   0.0
   0.0   0.0   0.0   0.0   0.0   0.0   0.0   0.0   0.0
TRM59800.00     GSI GSI TRM Choke Ring                        NGS (  3) 08/05/07
       0.7       1.2     107.7                              
   0.0   0.0   0.0  -0.1  -0.1  -0.2  -0.2  -0.2  -0.2  -0.2
  -0.1  -0.1  -0.1   0.0   0.0   0.0   0.0   0.0   0.0
      -0.6       0.4     127.3                              
   0.0  -0.4  -0.5  -0.6  -0.6  -0.6  -0.6  -0.5  -0.5  -0.5
  -0.5  -0.6  -0.6  -0.7  -0.7  -0.7  -0.6   0.0   0.0
TRM59800.00     NONEGSI TRM Choke Ring                        NGS (  3) 08/05/07
       0.7       1.2     107.7                              
   0.0   0.0   0.0  -0.1  -0.1  -0.2  -0.2  -0.2  -0.2  -0.2
  -0.1  -0.1  -0.1   0.0   0.0   0.0   0.0   0.0   0.0
      -0.6       0.4     127.3                              
   0.0  -0.4  -0.5  -0.6  -0.6  -0.6  -0.6  -0.5  -0.5  -0.5
  -0.5  -0.6  -0.6  -0.7  -0.7  -0.7  -0.6   0.0   0.0
TRM59800.00     SCISGSI TRM Choke Ring                        NGS (  3) 08/05/08
       0.5       1.5     104.2                              
   0.0   0.0  -0.2  -0.5  -0.7  -1.0  -1.2  -1.4  -1.4  -1.4
  -1.2  -1.0  -0.8  -0.5  -0.2  -0.1   0.0   0.0   0.0
      -0.5       0.6     125.2                              
   0.0  -0.3  -0.4  -0.5  -0.6  -0.7  -0.7  -0.7  -0.7  -0.7
  -0.7  -0.7  -0.7  -0.7  -0.6  -0.5  -0.3   0.0   0.0
TRM59800.80     GSI GSI TRM Choke Ring                        NGS (  3) 08/05/07
       0.7       1.2     107.7                              
   0.0   0.0   0.0  -0.1  -0.1  -0.2  -0.2  -0.2  -0.2  -0.2
  -0.1  -0.1  -0.1   0.0   0.0   0.0   0.0   0.0   0.0
      -0.6       0.4     127.3                              
   0.0  -0.4  -0.5  -0.6  -0.6  -0.6  -0.6  -0.5  -0.5  -0.5
  -0.5  -0.6  -0.6  -0.7  -0.7  -0.7  -0.6   0.0   0.0
TRM59800.80     NONEGSI TRM Choke Ring                        NGS (  3) 08/05/07
       0.7       1.2     107.7                              
   0.0   0.0   0.0  -0.1  -0.1  -0.2  -0.2  -0.2  -0.2  -0.2
  -0.1  -0.1  -0.1   0.0   0.0   0.0   0.0   0.0   0.0
      -0.6       0.4     127.3                              
   0.0  -0.4  -0.5  -0.6  -0.6  -0.6  -0.6  -0.5  -0.5  -0.5
  -0.5  -0.6  -0.6  -0.7  -0.7  -0.7  -0.6   0.0   0.0
TRM59800.80     SCISGSI TRM Choke Ring                        NGS (  3) 08/05/08
       0.5       1.5     104.2                              
   0.0   0.0  -0.2  -0.5  -0.7  -1.0  -1.2  -1.4  -1.4  -1.4
  -1.2  -1.0  -0.8  -0.5  -0.2  -0.1   0.0   0.0   0.0
      -0.5       0.6     125.2                              
   0.0  -0.3  -0.4  -0.5  -0.6  -0.7  -0.7  -0.7  -0.7  -0.7
  -0.7  -0.7  -0.7  -0.7  -0.6  -0.5  -0.3   0.0   0.0
TPSCR.G5        GSI GSI TOP Choke Ring                        NGS (  3) 11/05/31
      -0.5      -0.2     115.5                              
   0.0  -0.3  -0.6  -0.9  -1.1  -1.2  -1.4  -1.4  -1.5  -1.4
  -1.4  -1.3  -1.2  -1.1  -1.0  -1.0  -1.1   0.0   0.0
      -0.6       0.3     127.6                              
   0.0   0.0  -0.1  -0.1  -0.2  -0.3  -0.3  -0.4  -0.4  -0.5
  -0.5  -0.5  -0.5  -0.4  -0.3  -0.1   0.2   0.0   0.0
TPSCR.G5        NONEGSI TOP Choke Ring                        NGS (  3) 11/05/31
      -0.5      -0.2     115.5                              
   0.0  -0.3  -0.6  -0.9  -1.1  -1.2  -1.4  -1.4  -1.5  -1.4
  -1.4  -1.3  -1.2  -1.1  -1.0  -1.0  -1.1   0.0   0.0
      -0.6       0.3     127.6                              
   0.0   0.0  -0.1  -0.1  -0.2  -0.3  -0.3  -0.4  -0.4  -0.5
  -0.5  -0.5  -0.5  -0.4  -0.3  -0.1   0.2   0.0   0.0
TPSCR.G5C       GSI GSI TOP Choke Ring                        TOP (  5) 16/01/20
      -0.3       0.7     111.8
   0.0  -0.1  -0.3  -0.6  -0.9  -1.1  -1.2  -1.3  -1.2  -1.1
  -0.9  -0.7  -0.6  -0.3  -0.1   0.2   0.7   1.2   1.8
       0.2       0.9     124.8
   0.0  -0.1  -0.1  -0.1  -0.3  -0.5  -0.7  -0.8  -1.0  -1.0
  -0.8  -0.7  -0.7  -0.5  -0.4  -0.1   0.3   1.2   2.4
TPSCR.G5C       NONEGSI TOP Choke Ring                        TOP (  5) 16/01/20
      -0.3       0.7     111.8
   0.0  -0.1  -0.3  -0.6  -0.9  -1.1  -1.2  -1.3  -1.2  -1.1
  -0.9  -0.7  -0.6  -0.3  -0.1   0.2   0.7   1.2   1.8
       0.2       0.9     124.8
   0.0  -0.1  -0.1  -0.1  -0.3  -0.5  -0.7  -0.8  -1.0  -1.0
  -0.8  -0.7  -0.7  -0.5  -0.4  -0.1   0.3   1.2   2.4
TRM159900.00    GSI GSI TRM Choke Ring                        N-T (  1) 17/07/01
       0.0       0.6     132.9
   0.0   0.0   0.3   0.7   1.1   1.6   2.0   2.4   2.6   2.6
   2.4   2.2   1.6   0.9   0.0  -1.1  -2.3  -3.8  -5.3
       0.4       1.1     131.8
   0.0   0.0   0.1   0.2   0.3   0.5   0.6   0.8   1.0   1.2
   1.4   1.3   1.1   0.9   0.6   0.5   0.3  -0.5  -2.9
TRM159900.00    NONEGSI TRM Choke Ring                        N-T (  1) 17/07/01
       0.0       0.6     132.9
   0.0   0.0   0.3   0.7   1.1   1.6   2.0   2.4   2.6   2.6
   2.4   2.2   1.6   0.9   0.0  -1.1  -2.3  -3.8  -5.3
       0.4       1.1     131.8
   0.0   0.0   0.1   0.2   0.3   0.5   0.6   0.8   1.0   1.2
   1.4   1.3   1.1   0.9   0.6   0.5   0.3  -0.5  -2.9
TPSCR.G5        GSI3GSI TOP Choke Ring                        GSI (  2) 24/12/20
       0.0       2.8     114.3
   0.0   0.2   0.5   0.7   0.8   0.8   0.8   0.8   0.9   0.9
   0.8   0.7   0.7   0.9   0.8   0.1  -1.5  -3.1  -3.7
      -1.2       1.4     124.7
   2.3   2.1   1.6   1.4   1.4   1.2   0.7   0.4   0.1  -0.1
   0.0   0.2   0.4   0.8   1.3   1.2  -0.5  -3.2  -4.5
TPSCR.G5        GSI4GSI TOP Choke Ring                        GSI (  2) 24/12/20
      -0.5       1.3     111.2
   6.7   5.9   4.2   2.7   1.7   0.4  -0.9  -1.5  -1.2  -0.6
   0.2   0.9   1.4   1.4   0.7  -0.2  -1.2  -1.9  -2.2
      -1.6       0.2     124.3
  -2.0  -1.8  -1.4  -1.2  -0.9  -0.3   0.0  -0.3  -0.7  -1.0
  -1.4  -1.8  -1.8  -1.1  -0.5   0.1   1.6   3.9   5.0
TPSCR.G5        GSI5GSI TOP Choke Ring                        GSI (  2) 24/12/20
      -1.9       1.0     111.5
   1.6   1.0   0.0  -0.4  -0.4  -0.5  -0.8  -0.8  -0.5  -0.3
  -0.6  -0.7  -0.5  -0.3  -0.4  -0.2   0.7   1.9   2.5
      -2.9      -0.4     126.1
   1.4   1.1   0.4  -0.1  -0.2  -0.2  -0.2  -0.3  -0.4  -0.6
  -0.4   0.0   0.3   0.2   0.1   0.3   0.4   0.1  -0.1
TPSCR.G5        GSI6GSI TOP Choke Ring                        GSI (  2) 24/12/20
      -0.2       2.0     114.7
   1.8   1.7   1.4   0.8   0.3   0.2   0.1   0.0   0.0   0.2
   0.3   0.1   0.2   0.5   0.6   0.1  -0.7  -1.2  -1.3
      -1.8       0.1     124.6
   2.4   2.1   1.5   0.9   0.5   0.2  -0.2  -0.6  -0.7  -0.5
  -0.2   0.0   0.1   0.3   0.4   0.4   0.0  -0.5  -0.7
TPSCR.G5        GSI9GSI TOP Choke Ring                        GSI (  2) 24/12/20
      -2.6      -1.0     113.2
   3.7   3.6   3.3   2.8   2.4   2.3   2.1   1.8   1.8   1.8
   1.4   1.0   1.0   1.1   0.7   0.8   3.0   5.5   3.6
      -2.9       1.2     128.7
   1.7   1.9   2.0   1.6   1.1   1.2   1.4   1.2   0.9   0.7
   0.5   0.1   0.2   0.6   0.8   1.0   2.4   3.7   2.0
TPSCR.G5C       GSI3GSI TOP Choke Ring                        GSI (  2) 24/12/20
      -0.2       2.2     114.3
  -0.1   0.2   0.7   1.0   0.9   0.8   0.7   0.7   0.7   0.7
   0.7   0.5   0.5   0.8   0.8   0.1  -1.3  -2.8  -3.4
      -1.6       1.7     124.7
   2.1   2.0   1.8   1.6   1.4   1.1   0.6   0.2   0.0   0.0
   0.1   0.2   0.3   0.6   1.2   1.1  -0.5  -2.9  -4.0
TPSCR.G5C       GSI4GSI TOP Choke Ring                        GSI (  2) 24/12/20
      -0.9       1.6     110.4
   6.3   5.8   4.5   3.1   1.7   0.3  -1.0  -1.7  -1.6  -1.0
  -0.1   0.6   1.1   1.2   0.6  -0.3  -0.9  -1.0  -0.9
      -2.0       0.8     123.5
  -2.3  -2.1  -1.7  -1.5  -1.1  -0.5  -0.2  -0.5  -0.9  -1.2
  -1.6  -2.0  -1.9  -1.2  -0.6   0.1   1.9   4.6   6.0
TPSCR.G5C       GSI5GSI TOP Choke Ring                        GSI (  2) 24/12/20
      -1.9      -0.4     110.8
   1.9   1.3   0.1  -0.4  -0.3  -0.4  -0.9  -0.9  -0.7  -0.6
  -0.8  -0.8  -0.4  -0.2  -0.4  -0.2   0.8   2.2   2.8
      -2.7      -1.5     125.6
   1.3   0.9   0.2  -0.3  -0.4  -0.5  -0.6  -0.7  -0.7  -0.8
  -0.7  -0.4  -0.1   0.1  -0.1   0.0   0.6   1.4   1.8
TPSCR.G5C       GSI6GSI TOP Choke Ring                        GSI (  2) 24/12/20
      -0.2       0.9     114.0
   1.6   1.4   0.9   0.4   0.2   0.1  -0.1  -0.3  -0.3  -0.2
  -0.2  -0.2  -0.1   0.3   0.5   0.2  -0.2  -0.2  -0.1
      -1.7       0.1     125.1
   2.2   2.1   1.8   1.4   0.8   0.3  -0.3  -0.6  -0.6  -0.5
  -0.2   0.0   0.1   0.3   0.5   0.5   0.0  -0.7  -1.1
TPSCR.G5C       GSI9GSI TOP Choke Ring                        GSI (  2) 24/12/20
       0.0       2.1     115.0
   2.3   1.9   0.8  -0.2  -0.8  -0.9  -1.1  -1.4  -1.3  -1.0
  -0.9  -1.0  -0.8  -0.5  -0.6  -0.6   0.9   3.6   5.0
      -1.5       1.5     126.6
  -0.4  -0.4  -0.6  -0.7  -0.7  -0.6  -0.5  -0.3  -0.3  -0.5
  -0.6  -0.5  -0.4  -0.4  -0.3   0.2   1.0   1.5   1.7
TPSCR4          GSIAGSI TOP Choke Ring                        GSI (  1) 24/12/20
       0.3      -0.2     109.5
   0.7   1.1   1.8   2.6   3.4   4.2   4.5   4.1   3.4   3.0
   2.7   2.5   2.2   2.0   1.9   1.7   1.4  -0.1  -4.1
       1.1       0.2     130.5
   2.5   1.9   0.9   0.7   1.0   0.8   0.2  -0.2  -0.2  -0.8
  -2.0  -2.5  -1.8  -0.8  -0.3   1.3   5.2   9.2   8.5
TRM29659.00     GSI8GSI TRM Choke Ring                        GSI (  2) 24/12/20
      -0.6      -0.2     113.9
   3.9   3.7   3.3   3.2   3.4   3.5   3.3   3.1   3.0   2.8
   2.4   2.0   1.8   1.9   2.0   2.1   2.0   0.7  -3.2
      -1.8       1.0     130.6
   0.3   1.0   2.0   1.9   1.3   1.5   1.9   1.9   1.6   1.8
   1.8   1.3   0.9   1.1   1.1   0.7   1.0   1.4  -0.7
TRM59800.80     GSI3GSI TRM Choke Ring                        GSI (  2) 24/12/20
       0.2       2.2     107.1
  -1.5  -1.0  -0.1   0.7   1.0   1.3   1.7   1.7   1.6   1.6
   1.6   1.4   1.2   1.3   1.2   0.1  -2.4  -5.2  -6.4
      -1.7       0.9     125.3
   2.0   1.7   1.1   1.0   1.2   1.2   0.9   0.7   0.5   0.5
   0.7   0.8   0.7   0.9   1.2   0.9  -1.0  -4.0  -5.4
TRM59800.80     GSI4GSI TRM Choke Ring                        GSI (  2) 24/12/20
       0.6       0.6     104.6
   3.3   3.0   2.2   1.2   0.4  -0.3  -0.7  -0.7  -0.2   0.8
   1.6   1.9   1.7   1.0  -0.1  -1.2  -1.9  -1.9  -1.7
      -1.5      -0.5     124.5
  -2.1  -2.1  -1.9  -1.5  -0.9  -0.1   0.2   0.0  -0.4  -0.6
  -1.1  -1.6  -1.5  -1.0  -0.5   0.1   1.3   3.2   4.2
TRM59800.80     GSI5GSI TRM Choke Ring                        GSI (  2) 24/12/20
       0.3       1.5     103.9
   0.2  -0.1  -0.6  -0.7  -0.5  -0.4  -0.6  -0.6  -0.4  -0.3
  -0.5  -0.6  -0.5  -0.4  -0.4  -0.2   0.7   1.8   2.4
      -1.7       0.7     123.5
   0.7   0.3  -0.3  -0.6  -0.5  -0.3  -0.2  -0.2  -0.1  -0.1
   0.0   0.2   0.2   0.0  -0.1  -0.1   0.2   0.3   0.3
TRM59800.80     GSI6GSI TRM Choke Ring                        GSI (  2) 24/12/20
      -0.8       1.7     105.5
  -0.1   0.0   0.0   0.0   0.0   0.2   0.4   0.4   0.5   0.8
   0.8   0.5   0.4   0.5   0.4  -0.4  -1.1  -1.4  -1.4
      -2.3       0.6     124.8
   1.9   1.6   0.9   0.5   0.5   0.5   0.3   0.0   0.1   0.4
   0.6   0.6   0.4   0.4   0.5   0.3  -0.6  -1.9  -2.5
TRM59800.80     GSI8GSI TRM Choke Ring                        GSI (  3) 24/12/20
       0.7       1.2     107.7                              
   0.0   0.0   0.0  -0.1  -0.1  -0.2  -0.2  -0.2  -0.2  -0.2
  -0.1  -0.1  -0.1   0.0   0.0   0.0   0.0   0.0   0.0
      -0.6       0.4     127.3                              
   0.0  -0.4  -0.5  -0.6  -0.6  -0.6  -0.6  -0.5  -0.5  -0.5
  -0.5  -0.6  -0.6  -0.7  -0.7  -0.7  -0.6   0.0   0.0
TRM59800.80     GSI9GSI TRM Choke Ring                        GSI (  2) 24/12/20
      -0.6       0.4     109.9
   3.6   3.6   3.5   3.4   3.2   3.0   2.9   2.9   2.9   2.7
   2.2   1.8   1.8   1.9   1.5   1.3   1.9   2.0  -1.1
      -1.3       1.1     129.8
   2.8   2.7   2.3   1.9   1.7   1.7   1.6   1.2   0.9   0.8
   0.6   0.4   0.6   0.9   1.1   1.5   2.2   2.4  -0.1
TRM159900.00    GSI3GSI TRM Choke Ring                        GSI (  2) 24/12/20
      -0.5       2.1     129.0
  -1.9  -1.8  -1.2  -0.4   0.5   1.3   1.9   2.4   2.8   3.0
   3.0   2.7   2.2   1.7   0.9  -0.8  -3.7  -6.8  -8.1
      -1.4       1.4     130.9
   0.6   0.5   0.5   0.6   0.9   1.0   1.1   1.1   1.2   1.3
   1.4   1.4   1.3   1.2   1.0   0.0  -2.1  -4.4  -5.4
TRM159900.00    GSI4GSI TRM Choke Ring                        GSI (  2) 24/12/20
      -1.1       0.2     125.9
   0.5   0.2  -0.1   0.0   0.3   0.5   0.6   0.9   1.6   2.3
   2.7   2.8   2.4   1.6   0.1  -1.7  -3.4  -4.5  -4.9
      -2.2      -0.5     131.1
  -1.8  -1.7  -1.5  -1.2  -0.7  -0.2   0.1   0.1   0.0  -0.2
  -0.4  -0.7  -0.7  -0.5  -0.5  -0.4   0.5   2.1   2.9
TRM159900.00    GSI5GSI TRM Choke Ring                        GSI (  2) 24/12/20
      -1.3       0.3     125.6
  -1.5  -1.7  -2.0  -1.8  -1.2  -0.6  -0.2   0.1   0.5   0.8
   0.7   0.4   0.3   0.0  -0.8  -1.4  -0.6   1.2   2.2
      -2.3      -0.8     131.5
   0.9   0.5   0.0   0.0   0.2   0.4   0.6   1.0   1.1   1.1
   1.3   1.6   1.4   0.9   0.6   0.4  -1.2  -4.0  -5.5
TRM159900.00    GSI6GSI TRM Choke Ring                        GSI (  2) 24/12/20
      -0.7       1.3     128.5
  -0.8  -0.9  -1.0  -0.9  -0.3   0.4   1.1   1.6   2.1   2.4
   2.4   2.1   1.7   1.2   0.4  -1.0  -2.8  -4.3  -4.9
      -1.1       1.1     131.0
   1.0   0.8   0.6   0.6   0.7   0.7   0.7   0.9   1.2   1.4
   1.5   1.5   1.2   0.9   0.7   0.1  -1.7  -4.1  -5.3
TRM159900.00    GSI8GSI TRM Choke Ring                        GSI (  1) 24/12/20
       0.0       0.6     132.9
   0.0   0.0   0.3   0.7   1.1   1.6   2.0   2.4   2.6   2.6
   2.4   2.2   1.6   0.9   0.0  -1.1  -2.3  -3.8  -5.3
       0.4       1.1     131.8
   0.0   0.0   0.1   0.2   0.3   0.5   0.6   0.8   1.0   1.2
   1.4   1.3   1.1   0.9   0.6   0.5   0.3  -0.5  -2.9
TRM159900.00    GSI9GSI TRM Choke Ring                        GSI (  2) 24/12/20
      -0.3       1.4     129.2
  -0.9  -1.0  -1.2  -1.2  -0.9  -0.3   0.1   0.4   0.8   1.1
   1.1   0.8   0.6   0.4  -0.3  -1.2  -1.3  -0.3   0.3
      -1.5       0.5     133.7
  -0.1  -0.2  -0.4  -0.3  -0.2   0.1   0.5   1.0   1.2   1.2
   1.3   1.5   1.3   0.8   0.4   0.0  -1.3  -3.3  -4.3
